58107
36386
36358
58260
43698
29058
58400
58283
58105
36303
7228
43784
7275
43551
29044
43598
7163
7377
36423
36356
21789
14666
50896
58143
7315
36505
43604
28977
21976
43726
29031
7142
29010
21793
21736
14713
14651
43558
50986
7366
21855
29108
14624
43546
29047
14635
50923
14664
58309
21940
43765
14448
21803
43721
51036
7395
36312
43701
51096
29157
21893
50894
43540
14469
7367
7192
29149
14576
36448
43624
58228
29094
58222
50982
50974
58145
29039
50948
50873
36556
43674
29124
58140
50842
14637
21845
21795
36403
7378
50935
36326
29232
21823
14697
21898
29086
7418
36487
43610
7195
58169
36505
7340
29253
29053
29120
50886
58145
7196
58340
21950
14454
21929
29006
7182
29084
50865
58342
43769
43674
50956
36285
7231
14639
36411
14666
29133
43635
21709
43612
50946
36466
14504
58220
51008
50928
43616
43758
29123
58211
7212
21766
7158
58389
7380
7219
43823
43633
29051
50868
43686
43751
58346
51119
7301
58186
29046
7175
43620
21770
21983
51105
21803
36373
14584
28978
51040
29253
43817
7376
14684
21907
58153
29105
7337
14486
21752
43815
14569
21989
14576
14633
50893
43838
29242
29082
14527
43629
29237
58267
43548
58173
7145
7404
21874
50867
58135
14680
14571
14437
29120
58375
21895
58323
36302
50887
7322
14427
43804
58224
36424
21823
36359
50919
58294
21745
29058
21979
36455
21952
58317
21868
14509
14510
21925
7179
58328
7339
14591
7329
43735
36512
58262
7359
21945
29198
51001
43688
7330
29184
21942
36530
58363
43756
36425
29258
58125
28998
28985
50978
21962
29238
36365
58153
7239
7333
14602
21824
43622
58154
7272
29136
43571
21811
58267
21801
51045
36348
7267
21767
43551
14710
43654
36545
14667
36543
29016
58200
29235
58402
7276
43824
58232
50838
14627
14612
21941
7294
43622
36486
50910
14479
36364
43642
58108
21760
43705
51042
50879
21739
36291
43777
21781
51068
50897
58213
14535
7179
58318
51014
51038
29142
43724
36555
7301
43587
43809
14436
43735
51005
21876
43798
58330
58323
36297
50932
50845
36428
43704
36540
51095
36367
29048
7366
58325
29115
43685
14587
58180
21744
43838
43718
29109
43780
21846
14417
14481
29090
14642
58335
36433
14445
7337
14660
50866
14709
36374
36448
21850
7250
43674
14591
36342
29054
36382
14520
7200
7300
51030
51026
14462
14602
36487
58154
14566
29220
21800
43661
51015
21964
21754
14524
14698
21709
43736
29165
21753
43800
29144
14562
43647
7317
14682
43708
58380
7424
21871
21743
36512
29107
29224
58204
50961
7218
58193
58385
29064
7146
36492
7171
58134
7179
21904
7236
43700
58333
43594
50844
51087
14420
43582
29166
36541
58352
14435
29244
7410
58232
14432
36360
7261
43652
36428
14437
58137
7291
36284
7285
14575
43566
36437
29059
29175
28996
51086
14666
29153
14601
51088
43718
43766
58325
58169
58125
36504
7402
29002
28995
50964
21962
43798
29223
43774
58195
14453
21876
58293
58299
58260
29206
36337
29210
21731
36321
29227
51069
29203
29212
43545
58137
58184
29201
21977
43718
21984
36366
50887
43813
7207
14669
21765
21726
36267
14414
51056
43610
50829
50828
51063
58203
50876
14476
29226
7258
21936
43808
58302
29166
58121
43557
43577
7392
21804
50843
14617
29238
43782
14497
58304
7407
29143
21897
14458
29045
29251
29188
28982
29250
36335
51093
29232
36264
14540
29099
51099
50974
14585
36439
29225
7287
21964
29218
58235
29048
14580
7135
21787
36359
21760
21772
51025
7306
21764
29101
43603
43786
21725
36554
7363
36542
58289
29019
14534
58190
50938
50898
51031
43644
50882
58293
43684
43566
29000
58148
21892
50881
21756
7312
50863
43553
43786
43696
36506
43591
43571
50936
51051
29056
50945
7233
29084
14495
14648
58201
50829
7218
58403
58321
7161
14523
43608
43796
21842
58243
36474
7372
58339
58136
51062
51048
7333
14480
21818
7360
21807
50983
21746
14586
50941
51025
21769
43836
43551
14509
43784
43652
7294
58139
7338
14707
29118
14690
7276
51062
43823
58140
36272
43837
29064
43698
14492
29205
43795
51097
21723
58393
29041
51033
58165
29242
14444
7247
21954
28985
14589
43840
36452
29088
36389
7399
29257
43614
7234
29114
43634
21775
43778
21720
36268
7310
36533
29045
58308
7344
7289
43747
21746
21864
43771
7371
28993
21853
58308
29224
7379
14713
43581
7414
58395
58292
7245
58244
43542
43762
28984
7422
21715
43783
36489
58110
29227
7392
14652
51038
36275
21789
21791
14706
14681
29094
58193
58117
43743
21783
29171
29217
58391
43829
21860
43801
14682
29195
14674
29199
21709
7220
43546
21872
14549
14430
51089
58203
28984
14640
7358
7358
14638
50842
14685
29019
58349
21818
50985
36447
7378
43744
43816
28988
36287
29277
43638
7159
36346
58323
21895
36509
29054
21710
21754
21805
43658
7186
58364
43684
50889
43656
58244
36450
36434
14586
28989
29150
14617
36500
21831
14562
36394
21711
58349
50875
29202
43787
14595
36343
14563
7150
43542
50843
7163
7191
58301
43801
43636
21826
29065
43739
21956
14633
7205
58368
58216
36348
14463
28986
7163
29180
36469
29065
21729
21928
7288
14459
51034
14673
7231
58206
50992
21758
21815
50927
36445
43541
36336
14525
29264
21891
7406
51045
36517
29182
51046
51070
58270
51060
36459
58401
7356
28986
7415
50973
29213
51062
21918
29049
58349
50973
21972
36383
50898
51036
36536
43750
51065
7159
43605
36370
29184
36414
36525
51088
51077
7358
21696
14699
29046
58177
29165
58226
36348
50858
43801
43648
36409
50865
43840
50933
14423
50936
21974
21770
14616
21994
43669
14478
29114
36478
58259
50975
58270
36396
29203
51122
43840
58307
14571
36274
7390
7181
36499
29137
21946
43766
36394
43792
50894
7233
14624
29273
7402
14684
7184
50956
58287
21896
43758
43790
43799
50823
14712
51093
7201
51025
14557
21952
58353
36414
21743
51112
14661
7406
58253
50961
43820
21874
50883
58402
21991
36361
43683
29076
7390
58210
14438
14675
58129
7252
29000
58181
36367
29273
43613
14421
58350
58245
58365
7329
43556
36537
14656
50870
58124
43659
14425
29236
51053
36552
14551
50915
29121
7232
36304
14559
7135
36441
21949
58227
36507
43726
21911
43835
36339
50940
14461
43662
14423
43766
43767
21918
21711
51042
36289
7137
43644
43738
50914
7418
21781
50979
14433
29274